test, 
11,2000,300,500,                                             
                                                                                                                                                                            
                                                                                                                                                                                                                                        
                                                                                                         
                                                                                                         
                                                                                                         
                                                                                                         
                                                                                                         
                                                                                                         
                                                                                                         
                                                                                                         
                                                                                                         
                                                                                                         
                                                                                                         
                                                                                                         
                                                                                                         
                                                                                                         
                                                                                                         
                                                                                                         
                                                                                                         
                                                                                                         
                                                                                                         
                                                                                                                                                                                                                  
                                                                                                         